EIGENVALUE,VAR_PERCENT,VAR_PERCENT_CUM
2158814479026441.8000,0.44655426,0.44655426
1028238208310169.6000,0.21269273,0.65924699
385215310080927.7500,0.07968241,0.7389294
311101762363071.2000,0.0643519,0.8032813
176000207408742.4700,0.03640593,0.83968722
120651142403310.8400,0.02495688,0.86464411
118149232506778.6200,0.02443936,0.88908347
75644780717166.9800,0.01564724,0.90473071
60822517549377.5400,0.01258124,0.91731195
51300422141747.5160,0.01061158,0.92792352
32590039631793.2400,0.0067413,0.93466483
22032117252407.8480,0.00455738,0.9392222
20851276692650.4060,0.00431312,0.94353532
19273238738956.3670,0.0039867,0.94752202
18694717368558.5800,0.00386703,0.95138906
14231031323119.8400,0.00294371,0.95433277
13976283447980.8870,0.00289102,0.95722379
12093922238133.5590,0.00250165,0.95972543
10544662106165.1970,0.00218118,0.96190661
9665125197302.7340,0.00199925,0.96390586
9456144221261.1680,0.00195602,0.96586188
8511251100712.1200,0.00176057,0.96762244
7425443617272.9260,0.00153596,0.96915841
6837506023584.4230,0.00141435,0.97057276
6242264898010.6040,0.00129122,0.97186398
6034924493978.1455,0.00124833,0.97311232
5344932730304.9440,0.00110561,0.97421792
4993047615646.0810,0.00103282,0.97525074
4742220936963.9410,0.00098094,0.97623168
4468632780544.0590,0.00092434,0.97715602
3995286234151.4204,0.00082643,0.97798245
3595873134574.2407,0.00074381,0.97872627
3470755011511.1406,0.00071793,0.9794442
3438456242885.3780,0.00071125,0.98015545
3062670263285.0176,0.00063352,0.98078897
2893251871908.2866,0.00059847,0.98138744
2783109123995.7690,0.00057569,0.98196313
2715252318346.4126,0.00056165,0.98252479
2599502515661.8926,0.00053771,0.9830625
2523624605333.5070,0.00052202,0.98358451
2351206710794.8640,0.00048635,0.98407086
2266492342636.2905,0.00046883,0.98453969
2168403562962.2656,0.00044854,0.98498823
2084949800066.1836,0.00043128,0.9854195
2010288760666.2734,0.00041583,0.98583534
1884887272467.9170,0.00038989,0.98622523
1813762292912.5425,0.00037518,0.98660041
1759385411333.4773,0.00036393,0.98696434
1740557571107.3145,0.00036004,0.98732438
1654910296586.7890,0.00034232,0.9876667
1609772862523.7805,0.00033298,0.98799968
1553267907632.2322,0.0003213,0.98832098
1489429654495.8660,0.00030809,0.98862907
1424062139348.1626,0.00029457,0.98892364
1405367736040.7805,0.0002907,0.98921434
1390481240100.7993,0.00028762,0.98950196
1321106753410.6406,0.00027327,0.98977524
1251248377589.3777,0.00025882,0.99003406
1234760266000.3179,0.00025541,0.99028947
1202219953682.4353,0.00024868,0.99053815
1126215943209.7998,0.00023296,0.99077111
1123148541644.1620,0.00023233,0.99100344
1059098260316.4475,0.00021908,0.99122251
1016925004573.0039,0.00021035,0.99143287
1003636804501.8179,0.0002076,0.99164047
982882915122.9187,0.00020331,0.99184378
959931225885.7172,0.00019856,0.99204234
894910027009.4187,0.00018511,0.99222746
876156261882.5785,0.00018123,0.99240869
855046210577.9133,0.00017687,0.99258556
851018036147.2126,0.00017603,0.99276159
816946920682.9224,0.00016899,0.99293058
792156044444.8732,0.00016386,0.99309444
779566995828.0857,0.00016125,0.99325569
760988150790.8907,0.00015741,0.99341311
727178275576.6351,0.00015042,0.99356352
698544738712.3612,0.0001445,0.99370802
686584880674.8200,0.00014202,0.99385004
658519453363.6525,0.00013622,0.99398626
648431165280.9132,0.00013413,0.99412038
638658515264.2328,0.00013211,0.99425249
627377266169.5240,0.00012977,0.99438227
615255963690.2637,0.00012727,0.99450953
602364855764.7953,0.0001246,0.99463413
600054213443.2073,0.00012412,0.99475826
575631065890.8438,0.00011907,0.99487733
556902963845.4270,0.0001152,0.99499252
545665900744.0972,0.00011287,0.99510539
529794556081.0080,0.00010959,0.99521498
516896599564.01904,0.00010692,0.9953219
503074501725.0047,0.00010406,0.99542597
489838324018.85046,0.00010132,0.99552729
479979124688.8562,0.00009928,0.99562657
469941069283.7135,0.00009721,0.99572378
451231692145.63666,0.00009334,0.99581712
443966515499.1068,0.00009184,0.99590895
432213206727.50244,0.0000894,0.99599836
421512003071.4739,0.00008719,0.99608555
414417559987.1732,0.00008572,0.99617127
408799949015.2974,0.00008456,0.99625583
401302687832.5989,0.00008301,0.99633884
382077591049.3740,0.00007903,0.99641788
376078423463.92377,0.00007779,0.99649567
374176018855.6238,0.0000774,0.99657307
371782520852.40106,0.0000769,0.99664997
362632236811.3423,0.00007501,0.99672498
342918042042.8011,0.00007093,0.99679592
332336050646.74713,0.00006874,0.99686466
330841029454.08563,0.00006844,0.9969331
321240319064.7232,0.00006645,0.99699954
315558674989.2840,0.00006527,0.99706482
304423128099.8862,0.00006297,0.99712779
299779803916.34576,0.00006201,0.9971898
289334655612.1139,0.00005985,0.99724965
286368571828.15643,0.00005924,0.99730888
279721519940.3758,0.00005786,0.99736674
271340988414.5045,0.00005613,0.99742287
266326047875.31564,0.00005509,0.99747796
259804652252.24365,0.00005374,0.9975317
254344835244.19952,0.00005261,0.99758431
249989669167.7048,0.00005171,0.99763603
245879404900.09995,0.00005086,0.99768689
236907095861.9564,0.000049,0.99773589
235431922133.21954,0.0000487,0.99778459
226895373673.44614,0.00004693,0.99783152
221908637183.90036,0.0000459,0.99787743
216158931188.6196,0.00004471,0.99792214
215864239821.52368,0.00004465,0.99796679
211670385827.33636,0.00004378,0.99801057
208882762635.2392,0.00004321,0.99805378
204370017700.42377,0.00004227,0.99809606
198891318070.33264,0.00004114,0.9981372
195777550878.90576,0.0000405,0.99817769
187739103644.65912,0.00003883,0.99821653
182953072897.08017,0.00003784,0.99825437
182163039521.1144,0.00003768,0.99829205
176819085709.2600,0.00003658,0.99832863
174522388764.4769,0.0000361,0.99836473
170187964897.8576,0.0000352,0.99839993
167916891328.91626,0.00003473,0.99843467
163496121752.2077,0.00003382,0.99846849
160158486548.20493,0.00003313,0.99850162
156320994533.0549,0.00003234,0.99853395
155071918267.18393,0.00003208,0.99856603
149825725878.12927,0.00003099,0.99859702
148297155351.77368,0.00003068,0.99862769
145653402111.20148,0.00003013,0.99865782
142778520760.84012,0.00002953,0.99868736
140135493056.59137,0.00002899,0.99871634
137793045357.17044,0.0000285,0.99874485
134945225914.12764,0.00002791,0.99877276
133681569639.18246,0.00002765,0.99880041
128812135228.9555,0.00002664,0.99882706
126220985587.91103,0.00002611,0.99885317
124954089923.89774,0.00002585,0.99887901
120291180173.27728,0.00002488,0.9989039
117740344710.67665,0.00002435,0.99892825
116123372781.42741,0.00002402,0.99895227
115431061374.19011,0.00002388,0.99897615
113947999732.78796,0.00002357,0.99899972
111162377183.6318,0.00002299,0.99902271
110785206729.88245,0.00002292,0.99904563
108687553891.26294,0.00002248,0.99906811
103126798653.81668,0.00002133,0.99908944
101804223681.3991,0.00002106,0.9991105
101334350745.12975,0.00002096,0.99913146
100042219919.12961,0.00002069,0.99915216
95724010262.50095,0.0000198,0.99917196
92740998435.36768,0.00001918,0.99919114
90374460244.22353,0.00001869,0.99920984
88434965347.88036,0.00001829,0.99922813
87670650272.52472,0.00001813,0.99924626
86325626374.0530,0.00001786,0.99926412
83642190809.82515,0.0000173,0.99928142
80949164522.39668,0.00001674,0.99929817
80573829099.4349,0.00001667,0.99931483
76621064891.8653,0.00001585,0.99933068
74929983980.75041,0.0000155,0.99934618
73526364581.68729,0.00001521,0.99936139
73276517836.50818,0.00001516,0.99937655
72646851593.33377,0.00001503,0.99939157
69887520042.45483,0.00001446,0.99940603
68047730881.61324,0.00001408,0.99942011
67019526296.550064,0.00001386,0.99943397
64887912422.35983,0.00001342,0.99944739
64352723254.639755,0.00001331,0.9994607
63070502484.96535,0.00001305,0.99947375
61385931841.29431,0.0000127,0.99948645
60230866228.948746,0.00001246,0.99949891
59666438229.75942,0.00001234,0.99951125
59344421329.216286,0.00001228,0.99952352
57958199556.38452,0.00001199,0.99953551
55952958433.0520,0.00001157,0.99954709
55151633597.82672,0.00001141,0.99955849
53554184296.15024,0.00001108,0.99956957
52050798930.83633,0.00001077,0.99958034
50574401369.996826,0.00001046,0.9995908
49760168432.15986,0.00001029,0.99960109
48705923972.226036,0.00001007,0.99961117
47694204635.72542,0.00000987,0.99962103
46108149587.6514,0.00000954,0.99963057
44118081607.2603,0.00000913,0.9996397
43570031305.30977,0.00000901,0.99964871
42949796288.612366,0.00000888,0.99965759
42107240567.14015,0.00000871,0.9996663
41247016888.82768,0.00000853,0.99967484
40388841271.296036,0.00000835,0.99968319
39623635905.52013,0.0000082,0.99969139
39009030216.10291,0.00000807,0.99969946
38321285125.846214,0.00000793,0.99970738
36794997749.84087,0.00000761,0.99971499
36171541757.22557,0.00000748,0.99972248
35410720645.72414,0.00000732,0.9997298
35202642478.11239,0.00000728,0.99973708
33475578858.249454,0.00000692,0.99974401
32575684699.843616,0.00000674,0.99975075
32187965201.858196,0.00000666,0.9997574
31400536234.11522,0.0000065,0.9997639
31029743389.1864,0.00000642,0.99977032
30562977550.227936,0.00000632,0.99977664
29712175518.33251,0.00000615,0.99978279
29020860707.781437,0.000006,0.99978879
28687605430.76717,0.00000593,0.99979472
28593871017.954964,0.00000591,0.99980064
27084038017.73449,0.0000056,0.99980624
25897604363.91651,0.00000536,0.9998116
25662715343.689686,0.00000531,0.9998169
25111874838.850903,0.00000519,0.9998221
24659754690.478497,0.0000051,0.9998272
24088435766.137726,0.00000498,0.99983218
23466712300.963757,0.00000485,0.99983704
22668280675.526623,0.00000469,0.99984173
22575134037.83661,0.00000467,0.9998464
22289211446.943108,0.00000461,0.99985101
21157191195.275997,0.00000438,0.99985538
21034307768.78289,0.00000435,0.99985973
20206327486.767036,0.00000418,0.99986391
19538783470.619934,0.00000404,0.99986796
18754415043.01162,0.00000388,0.99987183
18334616043.724518,0.00000379,0.99987563
18223114160.775646,0.00000377,0.9998794
17659599500.212845,0.00000365,0.99988305
17059719028.278275,0.00000353,0.99988658
16930232996.961912,0.0000035,0.99989008
16395057552.732433,0.00000339,0.99989347
15696628926.14285,0.00000325,0.99989672
15546314158.076517,0.00000322,0.99989993
14713089412.673725,0.00000304,0.99990298
14425584453.101566,0.00000298,0.99990596
14221176537.175966,0.00000294,0.9999089
13940151722.572203,0.00000288,0.99991179
13670088550.990993,0.00000283,0.99991461
13460484235.404682,0.00000278,0.9999174
12826063898.628592,0.00000265,0.99992005
12040134833.622114,0.00000249,0.99992254
11923588845.554083,0.00000247,0.99992501
11239286870.660023,0.00000232,0.99992733
11115476192.895365,0.0000023,0.99992963
10877942776.981716,0.00000225,0.99993188
10292563876.511412,0.00000213,0.99993401
10205295207.492065,0.00000211,0.99993612
9979965154.504736,0.00000206,0.99993819
9663430065.797314,0.000002,0.99994019
9496998568.414003,0.00000196,0.99994215
9273320971.895359,0.00000192,0.99994407
9002136898.21826,0.00000186,0.99994593
8772935529.77426,0.00000181,0.99994775
8524224667.66164,0.00000176,0.99994951
8337064193.313444,0.00000172,0.99995123
7990928921.070187,0.00000165,0.99995289
7677768644.983919,0.00000159,0.99995447
7568979802.024952,0.00000157,0.99995604
7372817262.531122,0.00000153,0.99995757
7255408742.301088,0.0000015,0.99995907
7183225805.683912,0.00000149,0.99996055
6904822831.171377,0.00000143,0.99996198
6567471786.059491,0.00000136,0.99996334
6503458488.20005,0.00000135,0.99996468
6384870738.816006,0.00000132,0.999966
6177413711.257466,0.00000128,0.99996728
6059533812.062143,0.00000125,0.99996854
5616062462.115518,0.00000116,0.9999697
5485301930.688739,0.00000113,0.99997083
5363840062.630414,0.00000111,0.99997194
5196746915.980577,0.00000107,0.99997302
5040013985.459173,0.00000104,0.99997406
4838522655.57097,0.000001,0.99997506
4666898800.449555,0.00000097,0.99997603
4475488929.284504,0.00000093,0.99997695
4414198166.0001955,0.00000091,0.99997786
4223415996.14571,0.00000087,0.99997874
4098934656.6072035,0.00000085,0.99997959
4077519544.556505,0.00000084,0.99998043
3902686069.245403,0.00000081,0.99998124
3751937998.316648,0.00000078,0.99998201
3594896954.4672728,0.00000074,0.99998276
3473965310.159759,0.00000072,0.99998347
3419727457.5494146,0.00000071,0.99998418
3299627071.833759,0.00000068,0.99998486
3240523192.9470396,0.00000067,0.99998554
3019419279.4163775,0.00000062,0.99998616
2907171259.2310176,0.0000006,0.99998676
2877793660.3085537,0.0000006,0.99998736
2757319494.5545,0.00000057,0.99998793
2655537157.537498,0.00000055,0.99998848
2600701839.430888,0.00000054,0.99998901
2379700093.136445,0.00000049,0.99998951
2327989039.6875668,0.00000048,0.99998999
2261841838.0745835,0.00000047,0.99999046
2178630992.147337,0.00000045,0.99999091
2085287384.851727,0.00000043,0.99999134
1943579916.497578,0.0000004,0.99999174
1888631680.4739342,0.00000039,0.99999213
1850778744.4766672,0.00000038,0.99999251
1830682247.0201,0.00000038,0.99999289
1783613394.7388296,0.00000037,0.99999326
1652166563.333423,0.00000034,0.9999936
1606673525.4449258,0.00000033,0.99999393
1569540264.5238245,0.00000032,0.99999426
1511076315.755614,0.00000031,0.99999457
1443348106.5009212,0.0000003,0.99999487
1418574694.6194253,0.00000029,0.99999516
1319580368.3758323,0.00000027,0.99999544
1299301790.078998,0.00000027,0.99999571
1256651677.980463,0.00000026,0.99999597
1149062657.8726223,0.00000024,0.9999962
1114262658.5321548,0.00000023,0.99999643
1111430440.3046024,0.00000023,0.99999666
1035884040.2260869,0.00000021,0.99999688
1018080738.5634675,0.00000021,0.99999709
951727148.8623264,0.0000002,0.99999729
921459730.3578622,0.00000019,0.99999748
857975592.6102195,0.00000018,0.99999765
823473980.311263,0.00000017,0.99999782
781107542.6977106,0.00000016,0.99999799
739310686.5974495,0.00000015,0.99999814
731161294.4165277,0.00000015,0.99999829
646775648.278712,0.00000013,0.99999842
630322384.9865661,0.00000013,0.99999855
583168404.4743348,0.00000012,0.99999867
560773375.3658066,0.00000012,0.99999879
527020088.74597454,0.00000011,0.9999989
496668350.72957903,0.0000001,0.999999
474279057.37446,0.0000001,0.9999991
458547110.58313954,0.00000009,0.9999992
437598454.740056,0.00000009,0.99999929
387890915.5622289,0.00000008,0.99999937
369443407.07916224,0.00000008,0.99999944
339669768.08666325,0.00000007,0.99999951
323758851.53422713,0.00000007,0.99999958
296534566.9072354,0.00000006,0.99999964
275752871.5899834,0.00000006,0.9999997
263368286.4979126,0.00000005,0.99999975
228455889.58280954,0.00000005,0.9999998
215177328.4096508,0.00000004,0.99999984
186039285.74795237,0.00000004,0.99999988
171344580.22758076,0.00000004,0.99999992
146502599.74296212,0.00000003,0.99999995
134743737.98741817,0.00000003,0.99999998
114005462.30230632,0.00000002,1.0000
